0.0	0
0.00329172	100
0.00385811	100
0.00304439	100
0.00358045	100
0.00417549	100
0.00372567	100
0.00376768	100
0.0035688	100
0.00329465	100
0.00323919	100
0.00445975	100
0.00409337	100
0.0032112	100
0.00285743	100
0.00367615	100
0.00358063	100
0.00295658	100
0.00441852	100
0.00313667	100
0.00370714	100
0.00331688	100
0.00370393	100
0.00328103	100
0.00345953	100
0.00240426	100
0.00378202	100
0.00325446	100
0.00388744	100
0.00351499	100
0.00415184	100
0.00365623	100
0.003326	100
0.00314857	100
0.00321524	100
0.00298616	100
0.00391185	100
0.00252771	100
0.00397417	100
0.00318399	100
0.00367003	100
0.00309192	100
0.00390127	100
0.00274972	100
0.00309857	100
0.00278175	100
0.0036399	100
0.00409286	100
0.00327219	100
0.00375868	100
0.00361182	100
0.0024988	100
0.00387835	100
0.00377272	100
0.00394157	100
0.00364641	100
0.00341232	100
0.00390466	100
0.00396164	100
0.00371465	100
0.00345273	100
0.00288616	100
0.00318759	100
0.00308336	100
0.00314086	100
0.0031824	100
0.00402386	100
0.00360639	100
0.00371683	100
0.00344295	100
0.00307484	100
0.00375192	100
0.00335144	100
0.00306568	100
0.00326179	100
0.00384237	100
0.00378336	100
0.00346191	100
0.00395181	100
0.00359153	100
0.00397532	100
0.00330522	100
0.00397074	100
0.00354175	100
0.00404411	100
0.00461906	100
0.00393975	100
0.00349658	100
0.00351669	100
0.0040111	100
0.00309868	100
0.00414204	100
0.00279658	100
0.00327745	100
0.00373085	100
0.00376743	100
0.00398141	100
0.00385737	100
0.00288498	100
0.00403761	100
0.00347966	100
0.00407342	100
0.00248438	100
0.00322245	100
0.00348328	100
0.0029136	100
0.00351752	100
0.00367436	100
0.00407209	100
0.00328274	100
0.00411491	100
0.00308289	100
0.00404223	100
0.00301095	100
0.00467007	100
0.00323638	100
0.00303421	100
0.00336479	100
0.00378762	100
0.00326585	100
0.00322498	100
0.00356624	100
0.0033878	100
0.00284671	100
0.00402225	100
0.0	0
0.0	0
