0.0	0
0.00154017	100
0.00151293	100
0.00156532	100
0.00627089	100
0.01393901	100
0.00428942	100
0.00151209	100
0.0015359	100
0.00169433	100
0.00211723	100
0.00626665	100
0.00364542	100
0.00466358	100
0.00175186	100
0.00192452	100
0.00167814	100
0.0034113	100
0.01510065	100
0.00156414	100
0.00221216	100
0.00220925	100
0.00396097	100
0.0017176	100
0.00168797	100
0.00621113	100
0.00635461	100
0.00903559	100
0.00242435	100
0.00168624	100
0.00187431	100
0.00171608	100
0.00182987	100
0.00507265	100
0.00212967	100
0.0105689	100
0.01130982	100
0.00196487	100
0.0015496	100
0.0015902	100
0.00358271	100
0.00170878	100
0.00598679	100
0.0021191	100
0.00267652	100
0.00183047	100
0.00162323	100
0.0017007	100
0.00161343	100
0.00170535	100
0.00217482	100
0.00172158	100
0.00445167	100
0.00229656	100
0.00160005	100
0.00164243	100
0.00176021	100
0.00158015	100
0.00831994	100
0.00160393	100
0.00167506	100
0.02105851	100
0.00301134	100
0.00174165	100
0.00157357	100
0.0016182	100
0.00273479	100
0.00233116	100
0.00235648	100
0.00183229	100
0.0042794	100
0.00669798	100
0.00275831	100
0.00405472	100
0.01757438	100
0.00175298	100
0.00477537	100
0.01782223	100
0.00156757	100
0.00169167	100
0.00171597	100
0.00805178	100
0.00341157	100
0.00508761	100
0.0019306	100
0.00172876	100
0.00157547	100
0.00155238	100
0.00159381	100
0.00157744	100
0.00156548	100
0.00158599	100
0.00204321	100
0.00179256	100
0.00177649	100
0.00161326	100
0.00156464	100
0.03379991	100
0.00322085	100
0.00154433	100
0.00157614	100
0.00175121	100
0.00189473	100
0.001675	100
0.00155206	100
0.00156322	100
0.00500793	100
0.00309553	100
0.00169624	100
0.00171024	100
0.00177102	100
0.00226402	100
0.00225038	100
0.00163517	100
0.00450063	100
0.00156861	100
0.00155412	100
0.00188767	100
0.00158362	100
0.00175352	100
0.00264798	100
0.00155172	100
0.00167609	100
0.00185634	100
0.00261686	100
0.0	0
0.0	0
