0.0	0
0.00155929	100
0.00153772	100
0.00153446	100
0.00624877	100
0.01413136	100
0.00425063	100
0.00152255	100
0.00153736	100
0.00166302	100
0.00209815	100
0.00623199	100
0.00365742	100
0.00465815	100
0.00177596	100
0.00189973	100
0.00167415	100
0.00343559	100
0.01498979	100
0.00158223	100
0.00217746	100
0.00217469	100
0.00382017	100
0.00172062	100
0.00167897	100
0.00614837	100
0.00651729	100
0.00905005	100
0.00245533	100
0.00169707	100
0.00184575	100
0.00164825	100
0.00180884	100
0.0050058	100
0.00214578	100
0.01047848	100
0.01119485	100
0.00193253	100
0.00153917	100
0.00157967	100
0.0035348	100
0.00169241	100
0.00609349	100
0.00212789	100
0.00268532	100
0.00182544	100
0.00164502	100
0.00166602	100
0.00156772	100
0.00167878	100
0.00218056	100
0.00170379	100
0.00445175	100
0.00226382	100
0.00160881	100
0.00161008	100
0.00174457	100
0.0015473	100
0.00831808	100
0.00162671	100
0.0016686	100
0.02102881	100
0.0029749	100
0.00171115	100
0.00155421	100
0.00159571	100
0.00270047	100
0.00231637	100
0.0022839	100
0.00183435	100
0.00426715	100
0.00673864	100
0.00279097	100
0.00400352	100
0.01747632	100
0.00172374	100
0.00467497	100
0.01778976	100
0.00157741	100
0.00167555	100
0.00172513	100
0.00803627	100
0.0033626	100
0.0051532	100
0.00190143	100
0.00169839	100
0.00155767	100
0.00154274	100
0.00155488	100
0.00153816	100
0.00155576	100
0.0015447	100
0.00201039	100
0.00179471	100
0.00178226	100
0.00156113	100
0.00156409	100
0.03312344	100
0.00318451	100
0.00158093	100
0.00155583	100
0.00168351	100
0.0018524	100
0.00164145	100
0.00151129	100
0.00152375	100
0.00495219	100
0.00308725	100
0.00167727	100
0.00167497	100
0.001748	100
0.00230451	100
0.002241	100
0.00157882	100
0.00442952	100
0.00156507	100
0.00157083	100
0.00184395	100
0.00156625	100
0.00171893	100
0.00262504	100
0.00155836	100
0.00169066	100
0.00182867	100
0.00257983	100
0.0	0
0.0	0
