0.0	0
0.00153782	100
0.00151176	100
0.00152874	100
0.00625313	100
0.01422259	100
0.00428276	100
0.00152632	100
0.0015205	100
0.00169942	100
0.00214176	100
0.00623454	100
0.0036244	100
0.00465162	100
0.00176426	100
0.00187227	100
0.00164431	100
0.00342459	100
0.01507563	100
0.00151574	100
0.00222449	100
0.00217634	100
0.00382678	100
0.00170096	100
0.00168092	100
0.00613252	100
0.00646228	100
0.00912398	100
0.00242511	100
0.00168304	100
0.00184311	100
0.00166748	100
0.00183209	100
0.004985	100
0.00209589	100
0.01045829	100
0.01100553	100
0.00192424	100
0.00152154	100
0.00156915	100
0.00354495	100
0.00169103	100
0.00596917	100
0.00208006	100
0.00265387	100
0.00183655	100
0.00163259	100
0.00174187	100
0.00155344	100
0.00163771	100
0.0021792	100
0.00170208	100
0.00442561	100
0.00224334	100
0.00160827	100
0.0015994	100
0.00174298	100
0.00152456	100
0.00828066	100
0.00159436	100
0.00165601	100
0.02136	100
0.00299802	100
0.00170139	100
0.0015531	100
0.00162197	100
0.00269819	100
0.0023178	100
0.00233118	100
0.00185268	100
0.00427605	100
0.00665402	100
0.00275133	100
0.00406162	100
0.01731937	100
0.00172466	100
0.0045864	100
0.01802718	100
0.00155607	100
0.0016888	100
0.00172787	100
0.00807695	100
0.00339047	100
0.00513928	100
0.00193012	100
0.00170644	100
0.00159537	100
0.00157148	100
0.00159194	100
0.00153354	100
0.00154503	100
0.00156876	100
0.00204324	100
0.00175886	100
0.0017684	100
0.00154383	100
0.00154746	100
0.03302476	100
0.00320542	100
0.00149833	100
0.00157012	100
0.00168235	100
0.0018442	100
0.00162687	100
0.00154973	100
0.0016514	100
0.00493936	100
0.00309763	100
0.00166927	100
0.0017004	100
0.00174163	100
0.00223763	100
0.00225074	100
0.00159205	100
0.00445091	100
0.00159396	100
0.00155785	100
0.00188548	100
0.00161466	100
0.00171683	100
0.00265426	100
0.00154587	100
0.00168672	100
0.00185859	100
0.0026111	100
0.0	0
0.0	0
