1.39343285561
0.432802915573
0.0226991176605
0.0057909488678
0.00389790534973
0.0199220180511
0.0058319568634
0.00479197502136
0.267861127853
0.00654006004333
0.00284719467163
0.386808872223
0.0195338726044
0.0041069984436
0.24871301651
0.0215330123901
0.00515508651733
0.0425820350647
1.2326631546
0.00578618049622
0.0302248001099
0.0107531547546
0.278656005859
0.0147969722748
0.0390169620514
0.018917798996
0.0335130691528
0.0327990055084
0.00441312789917
0.00475788116455
0.00577998161316
0.00493693351746
0.129915952682
0.0075569152832
0.0326519012451
0.00298500061035
0.00500988960266
0.146106004715
0.941194057465
0.0338680744171
0.00476503372192
0.0999388694763
0.00320291519165
0.22482585907
0.0187449455261
0.122107982635
0.00698709487915
0.00290608406067
0.0186309814453
0.0133600234985
0.0155990123749
0.116800069809
0.082533121109
0.879508018494
0.0513670444489
0.00346302986145
0.0337250232697
0.0463049411774
0.00505089759827
0.873059988022
2.78528308868
0.0150909423828
0.00474095344543
0.153547048569
0.84890294075
0.00763392448425
0.0267679691315
0.00596904754639
0.162528991699
1.92616200447
0.109394073486
0.00599002838135
0.366467952728
0.0323870182037
0.0154330730438
0.0169928073883
0.14214682579
0.00512194633484
0.0043511390686
0.00369501113892
0.196007966995
0.00422310829163
0.129692077637
0.00361609458923
1.05321097374
0.324158906937
0.968317985535
0.0194189548492
0.00928115844727
0.0317080020905
0.0190801620483
0.00565481185913
0.025178194046
0.00881695747375
0.0354700088501
0.0209450721741
0.00971007347107
0.59679889679
0.0240938663483
0.362682104111
0.0543158054352
0.038911819458
0.0062940120697
1.80370688438
0.0800330638885
1.47432494164
0.823262929916
0.0470719337463
0.481479167938
0.827558040619
0.00855207443237
0.0344231128693
0.00301289558411
0.152742862701
0.00729990005493
0.00521898269653
0.00414395332336
0.768784046173
0.00663304328918
0.0137691497803
0.00481605529785
0.0218238830566
0.0230889320374
0.0181920528412
1.58741998672
0.00391483306885
0.00529003143311
0.159833908081
0.00674700737
0.00574612617493
0.0365409851074
0.26009106636
0.651347875595
0.407677173615
0.432729959488
0.333236932755
1.49284887314
1.06395483017
0.00453782081604
0.00642991065979
0.0633239746094
0.00315809249878
0.00586795806885
0.0201737880707
0.00735282897949
0.347760915756
0.151845932007
0.024719953537
0.234755039215
0.36440205574
0.00426888465881
0.00660085678101
0.605908870697
0.0416619777679
0.0110569000244
0.020092010498
1.18653416634
1.11511182785
0.00513291358948
0.00899910926819
0.395795106888
0.00516819953918
0.00594305992126
0.00388598442078
0.00675296783447
0.342648983002
0.0825009346008
0.132513999939
1.04371714592
0.0042769908905
0.00669503211975
0.0170650482178
0.00667691230774
0.00349903106689
0.0939648151398
0.00968098640442
0.0030300617218
0.0779149532318
0.513530015945
0.0837438106537
0.00640916824341
1.03385305405
0.186635971069
0.0254797935486
0.091845035553
0.0287640094757
0.0191700458527
0.59410405159
0.0592830181122
0.101552009583
0.0031521320343
0.155261993408
0.55025100708
0.0227799415588
0.0107278823853
0.00572085380554
0.0377149581909
0.856447935104
0.00704789161682
0.00369095802307
0.00462603569031
0.0118010044098
0.00405716896057
0.0559649467468
0.0550549030304
0.00403308868408
0.0040431022644
0.00730800628662
0.0134088993073
0.18990278244
0.0437438488007
0.0186021327972
0.0844039916992
0.0267679691315
0.393224954605
0.00318598747253
0.00361800193787
0.0109398365021
0.0347661972046
0.0283718109131
1.43798494339
0.00707602500916
0.00395083427429
0.0273928642273
0.00750589370728
0.0077497959137
0.327636003494
0.0132930278778
0.0306398868561
0.00312900543213
0.00876402854919
0.0247058868408
0.00421786308289
0.516061782837
0.00576996803284
0.0075352191925
0.00527811050415
0.0237908363342
0.00446200370789
0.220278024673
0.00460600852966
0.141569852829
0.0486850738525
0.0368940830231
0.00767493247986
0.00293397903442
0.0233540534973
0.109725952148
0.00604510307312
0.634855985641
0.0360469818115
0.0601370334625
0.0400059223175
0.0448849201202
0.00461792945862
1.17518186569
0.0453889369965
0.01038813591
0.00768494606018
0.0112268924713
0.180083990097
0.00706100463867
0.0433068275452
0.0111961364746
0.0206799507141
0.0225038528442
0.00552487373352
0.843148946762
0.0209879875183
0.0307860374451
0.0214910507202
0.0109131336212
0.0746710300446
0.00531601905823
1.16630983353
0.0315339565277
0.0490961074829
0.0374748706818
0.0307819843292
0.00263285636902
0.735332012177
1.21559000015
0.00943684577942
0.490067958832
0.0308020114899
0.0238831043243
0.0307760238647
0.100064992905
0.0436041355133
0.921211957932
0.0348591804504
0.00346207618713
0.0357468128204
0.0743050575256
0.0150270462036
0.609585046768
0.0046501159668
1.54840493202
0.333611965179
0.0197350978851
0.966302871704
0.207701921463
0.0169358253479
0.00744295120239
0.00406885147095
0.153902053833
0.048553943634
0.00651407241821
0.00337791442871
0.318601131439
1.28804707527
0.0458920001984
0.0235719680786
0.094330072403
0.0360970497131
0.699398040771
0.0274999141693
0.00465679168701
0.00431180000305
0.00280809402466
0.0199110507965
0.166542053223
0.0104110240936
0.00325608253479
0.0323369503021
0.0031750202179
0.038165807724
0.0503458976746
0.317942857742
0.0273368358612
0.0143699645996
0.320091962814
0.00432586669922
0.290567874908
0.00692391395569
0.0979971885681
0.211810112
0.0757389068604
0.00787401199341
1.10294318199
0.0234110355377
0.00867795944214
0.141781806946
0.362179994583
0.28685593605
0.00633692741394
0.0302510261536
0.824501991272
0.00484800338745
0.0338342189789
0.0204880237579
0.00679111480713
0.164859056473
0.452652931213
0.00480008125305
0.0228939056396
0.0163588523865
0.531208992004
0.00461506843567
0.00351786613464
0.00445699691772
0.00485992431641
0.0280530452728
0.00431990623474
0.885765075684
0.00331902503967
0.0297050476074
0.0177788734436
0.0061399936676
0.00855398178101
0.0103960037231
0.00390100479126
0.00447916984558
0.00290608406067
0.0148129463196
0.0362689495087
0.0048680305481
0.00498199462891
0.021332025528
0.0259740352631
0.284310817719
0.00736212730408
0.0277118682861
0.0282039642334
0.813119888306
0.00710391998291
0.0301671028137
0.0195109844208
0.0239651203156
0.216620922089
0.0524299144745
0.0214109420776
0.00515484809875
0.0297749042511
0.00800609588623
0.0423979759216
0.00591206550598
0.723151922226
0.00489783287048
0.0934031009674
0.0055730342865
0.0468058586121
0.0227499008179
0.00387382507324
0.0146749019623
0.0290930271149
0.072117805481
0.0334270000458
0.382722854614
0.00388097763062
0.00577402114868
0.280725002289
0.0305569171906
0.0184400081635
0.00370693206787
0.00373196601868
0.0549290180206
0.00415396690369
0.0468502044678
0.0702080726624
0.00400519371033
0.0064549446106
0.00423097610474
0.008220911026
0.0106608867645
0.29996919632
0.0621800422668
0.0299899578094
0.00307297706604
0.00657796859741
0.046199798584
0.0269839763641
0.712496042252
0.0209581851959
0.0181939601898
0.00458717346191
0.0149369239807
0.369806051254
0.0262560844421
0.0168349742889
0.00363516807556
0.00513887405396
0.00345396995544
0.193408966064
0.4391310215
0.0211968421936
0.00671005249023
0.0227341651917
0.730872154236
0.0191321372986
0.0192730426788
0.00316691398621
1.23833298683
0.00678086280823
0.0417108535767
0.143837928772
0.00729918479919
0.00320816040039
0.108443021774
0.0117709636688
0.007737159729
0.0827188491821
1.25356912613
0.00455403327942
0.0483350753784
1.38891601562
0.0240869522095
0.025181055069
0.0601348876953
0.17960691452
0.205603122711
0.00433588027954
0.53489279747
0.00569915771484
0.0758810043335
0.0680649280548
0.0323748588562
0.0148708820343
0.00852012634277
1.56996798515
0.137870073318
0.0444040298462
0.0970108509064
0.0155630111694
0.443769931793
0.00350189208984
0.0241551399231
0.00378012657166
0.00647306442261
0.142946004868
0.141142129898
0.00506401062012
0.202063083649
0.00860190391541
0.0353400707245
1.03331613541
0.0783169269562
0.00853109359741
0.00372004508972
0.888804912567
0.137736082077
0.00375699996948
0.0253808498383
0.00620293617249
0.0203120708466
1.03928494453
0.0698959827423
0.330551147461
0.00497484207153
0.0311779975891
0.871469020844
0.00609087944031
0.0045440196991
0.00387096405029
0.0159039497375
0.121235847473
0.0246620178223
0.270066022873
0.0253369808197
0.167198896408
0.0147030353546
0.00393605232239
0.933022022247
0.0320041179657
0.0346820354462
0.0189089775085
0.00433301925659
0.540135860443
0.0145280361176
1.1461789608
0.027547121048
0.0474491119385
0.00384402275085
0.0210518836975
1.31144690514
0.779566049576
0.0677330493927
0.122042894363
0.0151631832123
0.00588703155518
0.0425670146942
0.321874856949
0.00782990455627
0.00601887702942
0.514890193939
0.0206410884857
0.0287289619446
0.0506920814514
0.355498790741
0.00406098365784
0.0206661224365
0.051894903183
0.0408749580383
0.104307174683
0.00494313240051
0.0813558101654
0.0196340084076
0.00666999816895
0.864764213562
0.0108160972595
1.31134104729
0.0410859584808
0.0311260223389
0.00474619865417
0.172538995743
0.0318479537964
0.0982401371002
0.0270149707794
0.006432056427
0.29962015152
0.0293600559235
0.00556087493896
0.206404924393
0.00435400009155
0.368366003036
0.030825138092
0.0061719417572
0.852905988693
0.00406503677368
0.0146861076355
0.0036518573761
0.0347900390625
0.0133090019226
0.042298078537
0.0155549049377
0.0911898612976
0.00543594360352
0.0224821567535
0.0670030117035
0.00886702537537
0.759984970093
1.86353206635
0.00535488128662
0.0209891796112
0.288686990738
0.0211520195007
0.00445485115051
0.179279088974
0.00652313232422
0.859071016312
0.0223219394684
0.0183670520782
0.00500822067261
0.00671482086182
0.144304037094
0.00681900978088
0.0211842060089
0.00510406494141
0.381675958633
0.0386288166046
0.101957082748
0.0858359336853
0.0371329784393
0.00407910346985
0.0978441238403
0.00499701499939
0.116297960281
0.00464701652527
0.118168830872
0.106292009354
0.033586025238
0.00308585166931
0.0256888866425
0.0441360473633
0.0121781826019
1.30584192276
0.107800960541
0.00785708427429
0.0195560455322
0.00371193885803
0.0140430927277
0.00305700302124
0.0066659450531
0.0119149684906
0.133852958679
0.00869297981262
1.22730207443
0.00401997566223
0.0201709270477
0.0103328227997
0.0054759979248
0.197875976562
0.752520084381
0.203648090363
0.0300300121307
0.0176029205322
0.0662229061127
0.0123240947723
0.0172290802002
0.229187011719
0.00904202461243
0.375890016556
0.0750811100006
0.163581848145
0.0694890022278
0.159738063812
0.879721164703
0.00507497787476
0.0110740661621
0.00387001037598
0.00691390037537
0.0199089050293
0.024778842926
0.0826439857483
0.0489251613617
0.00572490692139
0.0465180873871
0.0756859779358
0.0136730670929
0.00486207008362
0.00442290306091
0.0114719867706
0.0342769622803
0.0288968086243
0.0133979320526
0.0970602035522
0.00695991516113
0.0734539031982
0.023432970047
0.00602722167969
0.0906701087952
0.00692701339722
0.00474405288696
0.0354280471802
0.0477290153503
0.00426602363586
0.927097082138
0.0985238552094
0.0351519584656
0.00340008735657
0.0396459102631
0.00499200820923
0.0211000442505
0.121084213257
0.871520996094
0.018012046814
0.0911610126495
0.0183382034302
0.0167310237885
0.0498769283295
0.0035560131073
0.212035894394
0.00513410568237
0.507786989212
0.083624124527
0.224591016769
0.00517416000366
0.0423789024353
0.00648784637451
0.0106160640717
0.0252969264984
0.0220968723297
0.352205991745
0.11786198616
0.00359606742859
0.0760660171509
0.058413028717
0.0297679901123
0.00341105461121
0.0369379520416
0.0286920070648
0.0136659145355
0.00422096252441
0.00483989715576
0.00606489181519
0.0760459899902
0.0211951732635
0.100872993469
0.0178718566895
0.00351309776306
0.00437498092651
0.0502409934998
0.53636598587
0.195165157318
0.0236270427704
0.00694704055786
0.0145678520203
0.0251469612122
0.006432056427
0.0734767913818
0.0151190757751
0.0284328460693
0.00471591949463
0.0373117923737
1.20436310768
0.0119159221649
0.478903055191
0.0183880329132
1.27917695045
0.708211898804
0.132167100906
0.00669813156128
0.0351009368896
0.0510909557343
0.0809969902039
0.359225034714
0.00725221633911
0.0231771469116
0.0295429229736
0.00644898414612
0.00535702705383
0.00410389900208
0.050320148468
0.00600600242615
0.196527004242
0.0130739212036
0.859920978546
0.0315928459167
0.0048189163208
0.0043420791626
0.025139093399
0.0786249637604
0.0829219818115
0.00509309768677
0.0159552097321
0.00388193130493
0.00866007804871
0.842652082443
0.147978067398
0.004714012146
0.00479698181152
0.0141818523407
0.308439016342
0.568644046783
0.0590009689331
0.00437498092651
0.0043728351593
0.394927978516
0.0387229919434
0.00951719284058
0.00413584709167
0.0300209522247
0.00590395927429
0.00838804244995
0.00385689735413
0.0104961395264
0.0354068279266
0.00434494018555
0.00696206092834
0.0423641204834
0.0198769569397
0.0723688602448
0.0259721279144
0.00636315345764
0.116841077805
0.13810300827
0.12283205986
0.117932796478
0.00413799285889
0.00682592391968
0.09415102005
0.0166358947754
0.00908994674683
0.223904132843
0.0773341655731
0.215590953827
0.115252017975
0.00834393501282
0.0039119720459
0.0204520225525
0.00929808616638
0.0384609699249
0.00579786300659
0.00599002838135
0.0376060009003
0.0241701602936
0.0045440196991
0.00586915016174
0.196851015091
0.0366480350494
0.0150549411774
0.00530195236206
0.00526905059814
0.074728012085
0.00465488433838
0.00908899307251
0.048593044281
0.133552074432
0.019572019577
0.00346398353577
0.010645866394
0.00810694694519
0.79678606987
1.34155392647
0.0675668716431
0.289981842041
0.003338098526
0.00348997116089
0.214747190475
0.0193271636963
0.0300018787384
0.0498700141907
0.106235980988
0.152894020081
0.00417017936707
0.0981721878052
0.0398168563843
0.0321879386902
0.0957989692688
0.563997030258
0.0222880840302
0.181446075439
0.0556490421295
0.092068195343
0.0042450428009
0.221749067307
0.0337798595428
0.0162720680237
0.0376451015472
0.00337791442871
0.212417125702
0.00324606895447
0.0340359210968
0.0746982097626
0.0090708732605
0.0275201797485
3.65682888031
0.00383400917053
0.136170864105
0.00394201278687
0.867362976074
0.00586295127869
0.0163729190826
0.0112810134888
0.0331728458405
0.00562596321106
0.00812792778015
0.02903008461
0.0220060348511
0.00456190109253
1.05400800705
0.0195009708405
0.0529310703278
0.0235271453857
0.192178010941
0.0273518562317
0.0100660324097
0.00333499908447
0.0137939453125
0.0724310874939
0.00455188751221
0.0223701000214
0.00417613983154
0.0786409378052
0.00533699989319
0.00382304191589
0.0285401344299
0.00510716438293
0.0904469490051
0.00351905822754
0.00369715690613
0.00554203987122
0.00319814682007
0.00440287590027
0.27973985672
0.00345087051392
0.00914716720581
0.0322821140289
0.198767900467
0.223675012589
0.0031681060791
0.0187699794769
0.0380828380585
0.101531982422
0.0104930400848
1.03819298744
0.0203931331635
0.00810503959656
0.0113039016724
0.00606799125671
0.00382685661316
0.0381889343262
0.112817049026
0.00419902801514
0.00817894935608
0.0236399173737
0.00454998016357
0.0189211368561
0.22419500351
0.101191043854
0.00507497787476
1.05502080917
0.0221438407898
0.00411701202393
0.447587013245
0.0048201084137
0.0900940895081
0.911691904068
0.0962560176849
0.021271944046
0.00491094589233
0.0386481285095
0.0712890625
0.299632072449
0.00650119781494
0.0524950027466
0.00627493858337
0.0370090007782
0.0188920497894
0.0282220840454
0.0482068061829
0.00741505622864
0.37934589386
0.888287067413
0.00691103935242
0.202277898788
0.00603818893433
0.00396394729614
0.00537991523743
0.00952005386353
0.123573064804
0.151096820831
0.00635886192322
0.00556802749634
0.0172338485718
0.0249059200287
0.533499956131
0.00297403335571
0.00400805473328
0.00464296340942
0.0830969810486
0.00826191902161
0.00757312774658
0.0571429729462
0.00495505332947
0.714464902878
1.33649802208
0.0743589401245
0.0307009220123
0.311868190765
0.00573992729187
0.0133759975433
0.00633597373962
0.0251271724701
0.00635886192322
0.0896611213684
0.00433778762817
0.00464582443237
0.732475996017
0.0300049781799
0.146552085876
0.0210330486298
0.0307319164276
0.0047459602356
0.027163028717
0.121653079987
0.0217969417572
0.858912944794
0.246876001358
0.00367999076843
0.0711469650269
0.0235781669617
0.00465393066406
0.0197041034698
1.37453603745
0.149840831757
0.875100851059
0.00653791427612
0.223917961121
0.00843501091003
0.0376670360565
0.323444128036
0.00500392913818
0.049220085144
0.0162720680237
0.0751900672913
0.796127080917
0.00514483451843
0.0345878601074
0.0171120166779
0.00603199005127
0.0306141376495
0.00405097007751
1.33502602577
0.0223269462585
0.00324010848999
0.880077838898
0.00671696662903
0.0383679866791
0.00965404510498
0.00375199317932
0.0497488975525
0.0174481868744
0.452745914459
1.22098708153
0.0158660411835
0.0028829574585
0.0309731960297
0.830552101135
0.00708508491516
1.03744387627
0.21874499321
0.197777986526
0.37885594368
0.00513291358948
1.26034402847
0.00415897369385
0.0320310592651
0.0434899330139
0.0190699100494
0.113578081131
0.4518430233
0.0185871124268
0.0105741024017
0.0149149894714
0.0048201084137
0.00568199157715
0.0112080574036
0.013818025589
0.0187261104584
0.00481104850769
0.00481915473938
0.0486011505127
0.0226571559906
0.0364499092102
0.019387960434
0.00470495223999
0.197652816772
0.0112218856812
0.00375390052795
0.00570797920227
0.00691795349121
0.0992259979248
0.00532507896423
0.0688629150391
0.00872898101807
0.00422501564026
0.00521302223206
1.25520205498
0.0073618888855
0.0635120868683
0.00852203369141
0.0300421714783
0.0203499794006
0.139833927155
0.0926082134247
0.0063910484314
0.744968175888
0.00696706771851
0.00435304641724
0.0180008411407
0.044163942337
0.0359828472137
0.0260050296783
0.143863201141
0.0287840366364
0.0294291973114
0.0207581520081
0.00354599952698
0.00625085830688
1.18981313705
0.742353916168
0.00690007209778
1.15341591835
0.051910161972
0.00572800636292
0.101913928986
0.00423979759216
0.758229970932
0.00696802139282
0.0285680294037
0.138324022293
0.0155229568481
0.0135970115662
0.211738109589
1.1267721653
0.00672316551208
0.0231809616089
0.276320934296
0.0211229324341
0.00422787666321
0.00429320335388
0.00531983375549
0.0746130943298
0.0049250125885
0.010134935379
0.00329613685608
0.00394606590271
0.0114650726318
0.0059061050415
0.00724315643311
0.0036928653717
0.0202748775482
0.0175728797913
0.003821849823
0.00553512573242
0.00469279289246
0.0066249370575
0.00383996963501
0.0422902107239
0.00958681106567
0.283702850342
0.265263080597
0.00777006149292
0.225440979004
0.0803179740906
0.00897312164307
0.00400614738464
0.140402078629
0.00471711158752
0.0167272090912
0.0394740104675
0.00532793998718
0.00321221351624
0.0179679393768
0.0142068862915
0.00444889068604
0.00351619720459
0.00565695762634
0.0153379440308
0.00636005401611
0.296418190002
0.0448470115662
0.0744559764862
0.00424790382385
0.0491127967834
0.00681519508362
0.00612998008728
0.0113201141357
0.0204510688782
0.00892090797424
0.0773830413818
0.0637450218201
0.0060248374939
0.005038022995
0.0182847976685
1.02144312859
0.384365081787
0.00488114356995
0.0296900272369
0.00277209281921
0.0190949440002
0.00636792182922
0.0255389213562
0.0296080112457
0.0730860233307
0.00623106956482
0.00515079498291
0.0775029659271
0.00434517860413
0.00511407852173
0.10479593277
0.00489282608032
0.0520219802856
0.0233058929443
0.336982011795
0.0934619903564
1.11050510406
0.00486493110657
0.0911600589752
0.0898830890656
0.0956768989563
0.00719499588013
0.0200140476227
0.00681900978088
1.03053379059
0.00868701934814
0.00509405136108
0.506445169449
0.220448970795
0.00367617607117
0.00410890579224
0.0717990398407
0.00608205795288
0.00723886489868
0.00531506538391
0.314387083054
0.207578897476
0.378628969193
0.00525593757629
0.00557899475098
0.116074085236
0.00336408615112
0.0204849243164
0.10039806366
0.0154490470886
0.0759959220886
0.00889706611633
0.19460105896
0.00939416885376
0.00564885139465
0.0560510158539
0.00731301307678
0.192148923874
0.00823998451233
0.0950410366058
0.074236869812
0.0252101421356
1.03421807289
0.0203549861908
0.827480077744
0.380903959274
0.032203912735
0.140429019928
0.00398993492126
0.23259806633
0.121075153351
0.0158331394196
0.00462198257446
0.0909950733185
0.00425004959106
0.0783410072327
0.319070100784
0.00856900215149
0.00714802742004
0.273805856705
0.0107700824738
0.00442910194397
0.00985217094421
0.136029958725
0.0592770576477
0.0458219051361
0.0373620986938
0.498755931854
0.0446300506592
0.0568871498108
0.0779569149017
0.0240771770477
0.0372920036316
0.0345718860626
0.117001056671
0.035758972168
0.00347399711609
0.00528907775879
1.22026801109
0.00342297554016
0.00599098205566
0.0262889862061
0.0412499904633
0.00704288482666
0.00482487678528
1.29135990143
0.00483798980713
0.00533413887024
0.036269903183
0.00430083274841
0.389402151108
0.0628461837769
0.159730911255
0.00650501251221
2.66010594368
0.0304889678955
0.725806951523
0.148489952087
1.02123308182
0.0933339595795
0.0524380207062
0.0087788105011
0.0591769218445
0.023815870285
0.00287985801697
0.336772203445
0.018434047699
0.0343909263611
0.00511407852173
0.0156259536743
0.0181708335876
0.0144100189209
0.0295021533966
0.879588127136
0.00770282745361
0.00392889976501
0.0120310783386
0.004390001297
0.206259012222
0.0711240768433
0.00433897972107
0.00583982467651
0.0169529914856
0.0486018657684
0.129083156586
0.00448822975159
0.323291063309
0.0250129699707
0.457166910172
1.16562700272
0.0616321563721
0.00605893135071
0.740144968033
0.094752073288
0.0217649936676
0.00436496734619
0.00366902351379
0.574996948242
0.0406811237335
0.715749979019
0.00455498695374
0.0211460590363
0.0299580097198
0.0104448795319
0.0057098865509
0.00440502166748
0.0492610931396
0.00798892974854
0.07963514328
0.0407249927521
0.0189290046692
0.0906238555908
0.03040599823
0.0727200508118
0.0380120277405
0.00760793685913
0.110902070999
0.0231680870056
0.0112059116364
0.00435400009155
0.0172140598297
0.192156076431
0.0106921195984
0.00335001945496
0.00655889511108
1.49808883667
0.540908098221
0.0152590274811
0.287678003311
0.0347499847412
0.0222461223602
0.0101718902588
0.0442221164703
0.00583100318909
0.320499181747
0.00488305091858
0.00564217567444
0.108063936234
0.00538897514343
0.00392198562622
0.167101860046
1.25447201729
0.00597310066223
0.297470092773
0.0293281078339
0.03892993927
0.00761103630066
0.0109078884125
0.00592279434204
0.0979120731354
0.14820599556
0.105166912079
0.758443117142
1.10981011391
0.0461249351501
0.00414705276489
0.320703029633
0.0842001438141
0.0396630764008
0.00782895088196
0.00381398200989
0.056186914444
0.00417399406433
0.00467205047607
0.00636506080627
0.00413298606873
0.0102951526642
0.162863016129
0.00322699546814
0.136448144913
0.113211870193
0.0751271247864
0.00859808921814
0.010232925415
0.223683834076
0.121779918671
0.0287270545959
0.00584197044373
0.00586581230164
0.00634002685547
0.152564048767
0.0520191192627
0.00348901748657
0.00744295120239
0.00436592102051
0.00349617004395
0.00310206413269
0.0613009929657
0.00420498847961
0.00597310066223
0.00275301933289
0.0427000522614
0.019581079483
0.284588098526
0.0184819698334
0.0790090560913
0.00574588775635
0.00522112846375
1.01508998871
0.0046911239624
0.00422096252441
0.53796505928
0.17374587059
0.230525016785
0.0184988975525
0.0044538974762
0.0434401035309
0.00710105895996
0.00669097900391
0.0422248840332
0.00326895713806
0.00389790534973
0.0729830265045
1.26185393333
0.00783014297485
0.0061559677124
0.048269033432
0.072833776474
0.00597715377808
0.0157868862152
0.0806050300598
0.114984989166
0.00446105003357
0.0105350017548
0.00410389900208
0.0137197971344
0.00477504730225
0.0324380397797
0.00311899185181
0.0517139434814
0.00385093688965
0.00687909126282
0.0200130939484
0.00972700119019
0.00443315505981
0.0437440872192
0.0751600265503
0.0738768577576
0.0278720855713
0.105820894241
0.333820819855
0.0426249504089
0.0697979927063
0.0345520973206
0.00353217124939
0.00832486152649
0.00608897209167
0.00600981712341
0.0200779438019
0.0147728919983
0.0038890838623
0.00277209281921
0.0385508537292
0.0045120716095
1.19464802742
0.00779294967651
0.00348281860352
0.0249400138855
0.164383172989
0.0073778629303
0.0244481563568
0.0498290061951
0.024701833725
0.0514209270477
0.819198846817
0.0251049995422
0.00379705429077
0.0299661159515
0.00391292572021
0.0161790847778
1.21598005295
0.00469088554382
0.00237107276917
0.00410413742065
0.00502610206604
0.0406808853149
0.00578999519348
0.0103490352631
0.87283205986
0.380073070526
0.234127998352
0.00409197807312
0.0029559135437
0.0246558189392
0.0922191143036
0.00469088554382
0.0172488689423
1.34225296974
0.010833978653
0.754300832748
0.00432586669922
0.0257771015167
0.0160200595856
0.00269508361816
0.773171186447
0.00421905517578
0.00529193878174
0.00528407096863
0.0105421543121
0.00446009635925
0.459659099579
0.00810313224792
0.0345389842987
0.0231900215149
0.00397396087646
0.00806593894958
0.0198881626129
0.00574994087219
0.713662147522
0.00481009483337
0.00358700752258
0.450788021088
0.00698399543762
0.00413990020752
0.00394010543823
0.041090965271
0.00536179542542
0.0153660774231
0.010330915451
0.0246210098267
0.0209970474243
0.00868916511536
0.029755115509
0.226134061813
0.00927495956421
0.0813958644867
0.0414831638336
0.00990605354309
0.0045850276947
0.00392603874207
0.0206401348114
0.00463581085205
0.034303188324
0.0170841217041
0.00336694717407
0.291423797607
0.00462198257446
0.0334568023682
0.0150811672211
0.845566034317
0.283596038818
0.161871910095
0.0138170719147
0.00499391555786
0.832978963852
0.00471782684326
0.00270199775696
0.0111351013184
0.0264568328857
0.00662899017334
0.002610206604
0.0287718772888
0.281777143478
0.0920429229736
0.141283035278
0.00404095649719
0.333739995956
0.00705289840698
0.00398302078247
0.0466010570526
0.00373291969299
0.00370597839355
0.0211238861084
0.0212149620056
0.0245718955994
0.0186359882355
0.00514602661133
0.772416114807
0.0114250183105
1.28788709641
0.0140979290009
0.0842621326447
0.225476026535
0.0137588977814
0.0145561695099
0.102313995361
0.00952816009521
0.282225847244
0.00897789001465
0.00398111343384
0.22975897789
0.224632024765
0.0764479637146
0.0810899734497
0.00901579856873
0.392084121704
0.00974917411804
0.817623138428
0.00470280647278
0.00398588180542
0.00876998901367
0.85319185257
0.21061706543
0.0505888462067
0.046079158783
0.190781116486
0.00620484352112
0.0263268947601
0.0626831054688
0.318301916122
1.06124997139
0.0357809066772
0.0041561126709
0.0296220779419
0.0169429779053
0.00414490699768
0.0039119720459
0.0302350521088
2.67202591896
0.00570392608643
0.00585007667542
0.158697128296
0.00468301773071
0.174746990204
0.414219141006
0.226445913315
0.525648832321
0.828753948212
0.0316519737244
0.0752320289612
0.0241680145264
0.0164680480957
1.03310203552
0.0116720199585
0.00472402572632
0.0372271537781
0.310148000717
0.199054002762
0.0083601474762
0.00579905509949
0.031112909317
0.0177118778229
0.0159389972687
0.0495409965515
0.0288548469543
0.0320489406586
0.382821083069
0.0280709266663
0.0376260280609
0.166291952133
0.0069899559021
0.00870013237
0.00544905662537
0.00853776931763
0.0306539535522
1.57305598259
0.0363528728485
0.0295708179474
1.10810709
0.0171670913696
0.455055952072
0.171232938766
0.053295135498
0.839868783951
0.0918309688568
0.0209741592407
1.142152071
0.00513887405396
0.0210621356964
0.328543901443
0.00588893890381
0.0543990135193
0.032222032547
0.398681879044
0.0168199539185
0.00382399559021
0.00427198410034
0.205322980881
0.146018981934
0.0335288047791
0.0165891647339
0.00299906730652
0.0487999916077
0.925384044647
0.00639414787292
0.00419282913208
0.00392723083496
0.0191369056702
0.016566991806
0.0301299095154
0.00652289390564
0.949657917023
0.00453186035156
0.00451707839966
0.00317311286926
0.00679397583008
0.0429260730743
0.110610961914
0.0441679954529
0.416905879974
0.990532159805
2.40360808372
0.0155911445618
0.553035020828
0.00666999816895
0.119841098785
0.0193600654602
0.00390481948853
0.00844192504883
0.00275707244873
0.00609397888184
0.0374989509583
0.0177140235901
0.0355050563812
0.00907421112061
0.207808017731
0.00639796257019
0.00602912902832
0.072655916214
0.0315630435944
0.029846906662
0.0396230220795
0.070867061615
0.00462412834167
0.00494694709778
0.0138440132141
0.348651170731
0.0737791061401
0.0163578987122
0.00452899932861
0.103335142136
0.0705718994141
0.0384678840637
0.0685629844666
0.0203850269318
0.00404787063599
0.00493693351746
0.104923009872
0.0234000682831
0.00653195381165
0.937927961349
0.00480389595032
0.00693321228027
0.918665885925
0.0153419971466
0.00382399559021
0.975581884384
0.109898090363
0.0153081417084
0.375882863998
0.0061719417572
0.0457470417023
0.00926184654236
0.0965020656586
0.0434241294861
1.0818271637
0.0160491466522
0.00374507904053
0.218409061432
0.0799760818481
0.0282549858093
0.0105600357056
0.00425219535828
0.00398707389832
0.00805187225342
0.0122711658478
0.0252220630646
0.00537800788879
0.0189530849457
0.0419080257416
0.0523250102997
0.0214009284973
0.0115089416504
0.118827819824
0.00715613365173
0.00462198257446
0.00504899024963
0.00452208518982
0.00524282455444
0.0292639732361
0.0215060710907
0.852238178253
0.0656960010529
0.0115351676941
0.233253002167
0.0276110172272
0.0212149620056
0.0729460716248
0.0391900539398
0.00739097595215
0.146826028824
0.00617098808289
0.0938131809235
0.0171840190887
0.00348997116089
0.259293794632
0.00674295425415
0.0198600292206
0.0530841350555
0.00944900512695
0.0169920921326
0.00418210029602
0.0608251094818
0.42486000061
0.127455949783
0.0043830871582
0.0227160453796
0.405866861343
0.00490498542786
0.00764989852905
0.00421404838562
0.0201869010925
0.00365495681763
0.0032799243927
0.00761389732361
0.00548887252808
0.00309896469116
0.217763900757
0.601142883301
0.00758004188538
0.00509214401245
0.0254690647125
0.0385360717773
0.0028190612793
0.0110130310059
0.89129114151
0.00636506080627
0.003751039505
0.00800395011902
0.0799169540405
0.294324159622
0.140377998352
0.00444912910461
0.199731111526
0.00551295280457
0.0517358779907
0.0297439098358
0.113476991653
0.0202779769897
0.0415861606598
0.0700209140778
0.0271668434143
0.678750038147
0.133819103241
0.00367593765259
0.0066339969635
0.450521945953
0.0044949054718
0.00673317909241
0.0141620635986
0.300106048584
0.00402212142944
1.00469899178
0.00469517707825
0.00406217575073
0.0292499065399
0.767062902451
0.0303509235382
0.00586795806885
0.00874614715576
0.00681805610657
1.29772806168
0.0909359455109
0.00608897209167
0.0255899429321
0.972872972488
0.0333859920502
0.00678110122681
0.00612092018127
0.0329880714417
1.65361380577
0.856742858887
0.079568862915
1.13932704926
1.1834628582
0.0268828868866
0.00615000724792
0.558170080185
0.0778510570526
0.0239338874817
0.106184005737
0.0147109031677
0.0504598617554
0.15700507164
0.00479698181152
0.00487899780273
0.00387978553772
0.00939798355103
0.00975179672241
0.00432300567627
0.0753870010376
0.820682048798
0.364947080612
0.00652313232422
0.00540590286255
0.0562160015106
0.00741100311279
0.0164890289307
0.0222139358521
0.321611166
0.00404596328735
0.00511693954468
0.0165901184082
0.035768032074
0.0208809375763
0.00415802001953
0.0456230640411
0.0205490589142
0.0461308956146
0.0263531208038
0.0626709461212
0.00386905670166
0.00309300422668
0.0042200088501
0.00912499427795
0.0281391143799
0.0749490261078
0.298972845078
0.224828958511
0.265003919601
0.339648008347
0.0117440223694
0.00404596328735
0.00553607940674
0.031142950058
0.00310397148132
0.314847946167
0.249300956726
0.137512207031
0.210256099701
0.00529885292053
0.00404405593872
0.0179560184479
0.00444221496582
0.00865292549133
0.015095949173
0.00869798660278
0.0227999687195
0.0163660049438
0.00290703773499
0.0300438404083
0.00885415077209
0.188871860504
0.0252549648285
0.00842308998108
0.0095682144165
0.00459289550781
0.00778794288635
0.0048348903656
0.00969099998474
0.00797891616821
0.26128411293
0.556555986404
0.854614019394
0.00405693054199
0.0114600658417
1.22673606873
0.864307880402
0.0237460136414
0.00304794311523
0.0290319919586
0.0566461086273
0.0900077819824
0.0057680606842
0.00395202636719
0.148327827454
0.00708603858948
0.0144710540771
0.175276994705
1.23918390274
0.0244679450989
0.00523281097412
0.00398993492126
0.00764513015747
0.0163948535919
0.00991487503052
0.0120840072632
0.018059015274
0.00572109222412
0.00291204452515
0.0077691078186
0.00247693061829
0.00920987129211
0.0283279418945
0.0153892040253
0.0488030910492
0.00918292999268
0.0309329032898
0.0635168552399
0.00639796257019
0.789142131805
0.00376486778259
0.0355169773102
0.00673294067383
0.148769140244
0.031280040741
0.0174632072449
0.0125620365143
0.0716378688812
0.00799202919006
0.00456285476685
0.019091129303
0.143672943115
0.265566110611
0.077465057373
0.104739189148
0.0169291496277
0.00423002243042
0.00606298446655
0.0042040348053
0.0371720790863
0.12614607811
0.0166869163513
0.0306599140167
0.0281801223755
0.0699670314789
0.0103189945221
0.0245327949524
0.0214030742645
0.00288796424866
0.459240198135
0.00430393218994
0.00686502456665
0.174429178238
0.130296945572
0.0246131420135
0.0199320316315
0.158380031586
0.0372970104218
0.162164926529
0.0357370376587
0.00855183601379
0.217912197113
0.0521459579468
0.530025005341
0.0248579978943
0.00641512870789
0.00649499893188
0.00305414199829
0.00660586357117
1.27110409737
1.34374690056
0.0214490890503
0.00541281700134
0.0299279689789
0.00584816932678
0.00771594047546
0.0112390518188
0.0875289440155
0.00340294837952
0.00601315498352
0.398648023605
1.17249202728
0.0178120136261
0.00439500808716
0.29430103302
0.405647993088
0.0306940078735
0.0215198993683
0.0787200927734
0.0201029777527
0.145001173019
0.788037061691
0.00647211074829
0.0373129844666
0.0823059082031
0.00471210479736
0.223348855972
0.019318819046
0.0247910022736
0.0335149765015
0.00514602661133
0.0283539295197
0.0607371330261
0.0199589729309
0.00457096099854
0.00287389755249
0.0669629573822
0.0747630596161
0.00288891792297
0.00987195968628
0.0792551040649
0.264459848404
0.020613193512
0.0201518535614
0.00565195083618
0.0131709575653
0.00628399848938
0.199826955795
0.0043740272522
0.00338578224182
0.00334501266479
0.0269088745117
0.0187678337097
0.00474214553833
0.0147898197174
0.00914406776428
0.162996053696
0.0247819423676
0.358633041382
0.13548207283
0.00812888145447
0.0199069976807
1.03907394409
0.018835067749
0.0042519569397
0.0829241275787
0.0194451808929
0.0485098361969
0.00472688674927
0.00327610969543
0.0225229263306
0.0108768939972
0.00297880172729
0.0459480285645
0.0253779888153
0.0101990699768
0.0856609344482
0.574056863785
0.155225992203
0.0181360244751
0.400542974472
0.00453400611877
0.00645780563354
1.13316702843
0.129941940308
0.0431599617004
0.044606924057
0.0155730247498
0.137166023254
0.00454497337341
0.16397190094
0.0579509735107
0.0421679019928
0.00558400154114
0.0201740264893
0.0040340423584
0.0108551979065
0.00553297996521
0.373561143875
0.00397801399231
0.00251984596252
0.0147199630737
0.00448393821716
0.00467801094055
0.0182218551636
0.116719007492
0.00866484642029
0.192472934723
0.0226440429688
0.00670695304871
0.596603155136
0.035854101181
0.030033826828
0.0347990989685
0.00678992271423
0.00331687927246
0.00386619567871
0.003249168396
0.00386500358582
0.00585603713989
0.00535702705383
0.0122499465942
0.00991582870483
0.0027379989624
0.00420999526978
0.00615286827087
0.217834949493
0.00963807106018
0.0547380447388
0.0183839797974
0.0106670856476
0.851874828339
0.00367999076843
0.0462079048157
0.150901079178
0.00615191459656
0.00413179397583
0.204189062119
0.120385169983
0.0306489467621
0.00590014457703
0.0265100002289
0.00654292106628
0.00483202934265
0.0241549015045
0.0420191287994
0.0272719860077
0.334928035736
0.00708103179932
0.00630211830139
0.00487804412842
0.00644898414612
0.00433993339539
0.0550830364227
0.0305409431458
1.10245990753
0.00509309768677
0.0631999969482
0.546930074692
0.164572000504
0.0359060764313
0.00314211845398
0.0088357925415
0.0486800670624
0.107928991318
0.0100789070129
0.0235958099365
0.0171840190887
0.00610685348511
0.00582194328308
0.0191130638123
0.00561594963074
0.216627836227
0.106093883514
0.223119974136
0.00317788124084
0.144246101379
0.0584540367126
0.00297093391418
0.0282330513
1.18491601944
0.104465007782
0.0105488300323
0.0292780399323
0.0559239387512
0.031712770462
0.0417261123657
0.0195231437683
0.217170000076
0.0381031036377
0.199787139893
0.00676608085632
0.00609803199768
0.0333690643311
0.00595688819885
0.00398898124695
0.00393795967102
0.0365250110626
0.00441098213196
0.0154111385345
0.308462142944
0.290377855301
0.0324659347534
0.981590032578
0.0168089866638
0.144438028336
0.014575958252
0.00426006317139
0.709012031555
0.0200159549713
0.564028024673
0.0567400455475
0.00397109985352
1.40120482445
0.00269818305969
0.0453901290894
0.389276027679
0.0979509353638
0.0196340084076
0.0237729549408
0.00677990913391
0.00529503822327
0.00791096687317
0.0141100883484
0.0212988853455
0.165670156479
0.00478196144104
0.00355100631714
0.341593980789
0.0214910507202
0.053209066391
0.00550484657288
0.335270166397
0.0167620182037
0.0062518119812
0.0463771820068
1.81861495972
0.108322143555
0.0063738822937
0.3230509758
0.292448997498
0.0192468166351
0.144554138184
0.139858007431
0.00478792190552
0.00920104980469
0.306332111359
0.00710010528564
0.143450975418
0.0187361240387
0.0307290554047
0.00708985328674
0.0314028263092
0.968334913254
0.204895019531
0.00568413734436
0.00425601005554
0.013482093811
0.00665211677551
0.230014801025
0.0499138832092
0.00647807121277
0.219641923904
0.0497989654541
0.00626397132874
0.0321710109711
0.0213141441345
0.0798029899597
0.0599148273468
0.0124559402466
0.0256450176239
0.00436186790466
0.768081188202
0.125238895416
0.00910210609436
0.00457191467285
0.00376105308533
0.853271007538
0.0509691238403
0.0122420787811
0.141229152679
0.00457501411438
0.0146238803864
0.00373101234436
1.75612902641
0.0391838550568
0.0357570648193
0.0359380245209
0.00984501838684
0.00305604934692
0.00411105155945
0.748574018478
0.00451016426086
0.0934309959412
0.0632939338684
0.00648903846741
0.284686088562
1.26618504524
0.00695610046387
0.00483202934265
0.138490915298
0.0076060295105
0.036780834198
0.00302910804749
0.0945680141449
0.129127979279
0.0144081115723
0.0132069587708
0.00373888015747
0.210216999054
0.0196208953857
0.0747351646423
0.0758039951324
0.00404810905457
0.0377700328827
0.00594997406006
1.08241415024
0.00767302513123
0.324873924255
0.00389719009399
0.0169270038605
0.00640988349915
0.00523781776428
0.00297808647156
0.0160670280457
0.00400900840759
0.00578594207764
0.0949130058289
0.00505304336548
0.553071975708
0.00584387779236
0.258031129837
0.0560147762299
0.00466394424438
0.0275769233704
0.0389029979706
1.51705312729
0.00614190101624
0.010645866394
0.00783491134644
0.025298833847
1.15025901794
0.379076004028
0.00417304039001
0.00333595275879
0.00832200050354
0.778487920761
0.00348019599915
1.93678712845
0.103447914124
0.00808095932007
0.300030946732
0.00486087799072
0.0169291496277
0.00538802146912
0.00545501708984
0.00480580329895
0.00969982147217
0.0748319625854
0.0271201133728
0.00669693946838
0.00856518745422
0.0335600376129
0.138349056244
0.00429010391235
0.00683188438416
0.00579500198364
0.223046064377
0.0305171012878
0.00728011131287
0.0170929431915
0.00427484512329
0.03768491745
0.0156831741333
0.36869096756
0.0236840248108
0.0876040458679
0.00563597679138
0.0135979652405
0.0116219520569
0.00341296195984
0.011467218399
0.0499749183655
0.0238749980927
0.00590300559998
0.00341510772705
0.00524401664734
0.00606894493103
0.19415307045
0.0200529098511
0.174054145813
0.0712029933929
1.30026197433
0.00503396987915
0.0442891120911
0.0420279502869
0.0192039012909
0.029433965683
0.00471806526184
0.375705957413
0.0151779651642
0.0820641517639
0.00554609298706
0.00543403625488
0.00857496261597
0.0563850402832
0.206964015961
0.00838804244995
0.00437188148499
0.0245730876923
0.0123341083527
0.192276954651
0.00456809997559
0.323048114777
0.225610971451
0.105540037155
0.0051281452179
0.00927591323853
0.0341629981995
0.0142948627472
0.0301151275635
0.013188123703
0.00954699516296
0.0728089809418
0.00553703308105
0.00386309623718
0.0055980682373
0.46018910408
0.188831090927
0.00460004806519
0.00831699371338
0.00388216972351
0.00439810752869
0.182885169983
0.00438809394836
0.020320892334
0.16189789772
0.0230560302734
0.232675075531
0.00620198249817
0.497481107712
0.0106499195099
0.00533103942871
0.0171830654144
0.119143009186
0.00881004333496
0.00592088699341
0.00743317604065
0.0346100330353
0.00734090805054
0.133445978165
0.203464984894
0.00746703147888
0.0125601291656
0.111079931259
0.0431959629059
0.00404691696167
0.0151879787445
0.00675392150879
0.0835628509521
0.00628995895386
0.00822806358337
0.0039758682251
1.12593197823
0.0046820640564
0.00342202186584
0.0445160865784
0.00333690643311
0.00789499282837
0.0402970314026
0.0512399673462
0.221530914307
0.0814538002014
0.00527119636536
0.140188932419
0.0052490234375
0.0147130489349
0.025897026062
0.0076949596405
0.0287129878998
0.00348401069641
0.016902923584
0.0386829376221
0.0287539958954
0.00707197189331
0.0202600955963
0.0110709667206
0.0060088634491
0.0346081256866
0.0172557830811
0.00900101661682
0.0050151348114
0.0094690322876
0.529151916504
0.00417709350586
0.340517997742
0.512177944183
0.00443887710571
0.761677980423
0.00456404685974
0.00574493408203
0.0191140174866
0.0043580532074
0.0171420574188
0.0624299049377
0.00309109687805
0.475252151489
0.07563996315
0.153664112091
0.00697422027588
0.00656509399414
0.01043009758
0.0275840759277
1.03000688553
0.0290749073029
0.00629210472107
0.938241958618
0.1400578022
0.0196599960327
0.00586700439453
0.00465893745422
0.033627986908
0.186093091965
0.00832915306091
0.0440239906311
1.04749703407
0.00767421722412
0.0290729999542
0.00310707092285
0.0298118591309
0.0245778560638
0.00564002990723
0.0247440338135
0.0111560821533
0.0746438503265
0.00405693054199
0.0348601341248
0.00874805450439
0.00456380844116
0.0031259059906
0.00476098060608
0.00302600860596
0.00626587867737
0.00571513175964
1.30341696739
0.0046079158783
0.345616102219
1.25729703903
1.11564302444
0.0295820236206
0.201777935028
0.0040328502655
0.00665092468262
0.044084072113
0.102360963821
0.126886129379
0.0324850082397
0.0223679542542
0.00346088409424
0.0478031635284
0.0745408535004
0.282149791718
0.0736351013184
0.0464890003204
0.0379388332367
0.884428977966
0.203835964203
0.00686311721802
0.00368785858154
0.0151610374451
0.261866092682
0.00632786750793
0.0109879970551
0.304823875427
0.0115261077881
0.00312495231628
0.0551679134369
0.00600910186768
0.00423502922058
0.521420001984
0.0148749351501
0.204874038696
0.0569310188293
0.00895190238953
0.149199008942
0.0311250686646
0.00425410270691
0.0319089889526
0.00416398048401
0.105185031891
0.00377488136292
0.00573205947876
1.02663779259
0.0303289890289
0.0168240070343
0.0088050365448
0.00660181045532
0.00585699081421
0.0172820091248
0.0828728675842
0.00931787490845
0.725992918015
0.289774894714
0.0229089260101
0.00472903251648
0.0476450920105
0.00420308113098
0.0062141418457
1.68406510353
0.00515604019165
0.0711529254913
0.00425791740417
0.724884986877
0.00654292106628
0.0441019535065
0.0301671028137
0.00504589080811
0.094831943512
0.0232558250427
0.0369389057159
0.00590991973877
0.0188059806824
0.0681400299072
0.00448703765869
0.185973167419
0.0185852050781
0.0196709632874
1.23495101929
0.0054919719696
0.0165369510651
0.0182430744171
0.0311288833618
0.00507187843323
0.0288009643555
0.167609930038
0.0317029953003
0.0047619342804
0.00431203842163
0.0043830871582
0.0306708812714
0.00387787818909
0.010528087616
0.00504302978516
0.0496308803558
0.848050832748
0.0380430221558
0.00501108169556
0.0573308467865
0.0284888744354
0.108261108398
0.00417613983154
0.0203249454498
0.00447297096252
0.00313997268677
0.0298612117767
0.115128993988
0.00915813446045
0.0398290157318
0.00380396842957
0.00953412055969
0.0340650081635
0.0182662010193
0.375160932541
0.00354504585266
0.0356922149658
0.00495409965515
0.0048999786377
0.00419592857361
0.00591707229614
0.00570106506348
0.150928020477
0.0267939567566
0.00404906272888
0.00805497169495
0.716553926468
0.00498795509338
0.00382804870605
0.010635137558
0.240711927414
0.00661110877991
0.00648498535156
0.10177397728
0.0686349868774
0.0747470855713
0.0223438739777
0.00395488739014
0.00459694862366
0.00496315956116
0.0144760608673
0.539289951324
0.0261390209198
0.0200750827789
0.0308451652527
0.106240034103
0.301776885986
0.00427484512329
0.736330032349
1.694231987
0.221226930618
0.0284848213196
1.25723218918
0.00497102737427
0.0183048248291
0.0138511657715
1.18023204803
0.00914287567139
0.0890870094299
0.00403809547424
0.0337710380554
0.290683031082
0.0031270980835
0.201797962189
0.0686099529266
0.0052969455719
0.00528502464294
0.00326013565063
0.0276160240173
0.0297088623047
0.0268189907074
1.19309282303
0.00842595100403
0.0130240917206
0.322453022003
0.914113044739
0.12205696106
0.0730030536652
0.115224123001
0.288848161697
0.0103821754456
0.195488929749
0.00479412078857
0.00326609611511
0.0136909484863
0.00420904159546
0.0040500164032
0.0147249698639
0.0155739784241
0.0186769962311
0.0100939273834
0.144439935684
0.00438904762268
0.0285341739655
0.00929498672485
0.252905130386
0.00437617301941
0.937566995621
0.0239229202271
0.00438380241394
0.0165522098541
0.00676608085632
0.0734310150146
0.787368774414
1.18471288681
0.0122339725494
0.017275094986
0.34054684639
0.00669097900391
0.142749071121
0.00633096694946
0.206190109253
0.00348901748657
0.0049729347229
0.0394270420074
2.33442306519
0.0495021343231
0.00426316261292
0.00311207771301
0.240071058273
0.00618815422058
0.00780487060547
0.0357971191406
0.0061628818512
0.194647073746
1.21542310715
1.5155608654
0.00646090507507
0.0385680198669
0.00446796417236
0.00374412536621
0.00901293754578
0.00563883781433
0.0187270641327
0.00520992279053
0.751818180084
1.24209904671
0.0689752101898
0.00467419624329
0.168735027313
0.0125999450684
0.00551605224609
0.019434928894
0.0040111541748
0.22284412384
0.00405788421631
0.0279939174652
0.0732791423798
0.0851340293884
0.00422716140747
0.00399708747864
1.27542901039
0.290302991867
0.00511598587036
0.00341606140137
0.016261100769
0.00458192825317
0.00851607322693
0.0183408260345
0.00372004508972
0.33312702179
0.0122220516205
0.0693330764771
0.164176940918
0.0234050750732
0.00476098060608
0.00465703010559
0.0314469337463
0.199599981308
0.0220580101013
0.293504953384
0.0753779411316
0.0115990638733
0.137825965881
0.00433492660522
0.00510382652283
0.0775508880615
0.00864100456238
0.0488560199738
0.035707950592
0.00984597206116
0.00351691246033
0.0973260402679
0.0895051956177
0.317695856094
0.0044219493866
0.046012878418
0.00375509262085
0.0230448246002
0.0122909545898
0.00312399864197
0.0214040279388
0.00913786888123
0.0130920410156
0.00388884544373
0.00459003448486
0.0430788993835
0.0484089851379
0.382004022598
0.211531877518
0.298362016678
0.00973010063171
0.0182490348816
0.0941038131714
0.0248770713806
0.00942516326904
1.63546085358
0.00735688209534
0.0675020217896
0.0131559371948
0.00504612922668
0.00653195381165
1.36472606659
0.031975030899
0.00561308860779
0.0166199207306
0.0118560791016
0.779458045959
0.00515794754028
0.00405716896057
0.0102941989899
0.00410199165344
0.0452210903168
0.0217649936676
0.0239930152893
0.00424814224243
0.0141539573669
0.146060943604
0.00741696357727
0.0674269199371
0.00418996810913
0.033518075943
0.247485876083
0.00428485870361
0.00706601142883
0.00377511978149
0.29548406601
0.00439119338989
0.0486249923706
0.00598096847534
0.0990858078003
0.13303399086
0.823231935501
0.26602602005
0.00403118133545
0.00424814224243
0.00616693496704
0.0152630805969
0.0334720611572
0.543534994125
0.00465989112854
0.00294494628906
0.00759792327881
0.00635695457458
0.0212509632111
0.00394701957703
0.0143070220947
0.00744080543518
0.0512599945068
0.00911593437195
0.030198097229
0.0613701343536
0.00865888595581
0.0375759601593
0.119710922241
0.152574062347
0.0057520866394
0.00396490097046
1.1001200676
0.0167071819305
1.79655885696
0.00535297393799
0.00481200218201
0.0455098152161
0.0640430450439
0.00449585914612
0.0104978084564
0.0030460357666
0.796937942505
0.149306058884
0.00311803817749
1.19026017189
1.0723669529
0.00634002685547
0.0248048305511
0.00376796722412
0.0304338932037
0.01393699646
0.00477409362793
0.0376830101013
0.114650011063
0.00400710105896
0.00643587112427
0.00887703895569
0.0381901264191
0.936002969742
0.0332720279694
0.237498044968
0.00401020050049
0.265799045563
0.00413990020752
0.989451885223
0.231653928757
0.223473072052
0.00976181030273
0.0042781829834
0.00556588172913
0.00369095802307
0.0287849903107
0.00330710411072
0.00869297981262
0.467283010483
0.113281965256
0.00412011146545
0.065299987793
1.01548290253
0.878889083862
0.0904929637909
0.00362300872803
0.00411510467529
0.139935016632
0.606041908264
0.568951129913
1.11146998405
0.0183420181274
0.00397205352783
0.00508713722229
0.00472187995911
0.0169579982758
0.00427103042603
0.00336194038391
0.0116720199585
0.00497388839722
0.00444388389587
0.0191450119019
0.00378704071045
0.122550010681
0.0485649108887
0.0136308670044
0.0154511928558
0.00436997413635
0.00433993339539
0.378267049789
0.750051021576
0.00460886955261
0.0032479763031
0.0432500839233
0.0036289691925
0.00413298606873
0.152626037598
0.0080029964447
0.0222699642181
0.868414878845
0.0224928855896
0.0401659011841
0.0477719306946
0.0388350486755
0.0174388885498
0.00597786903381
0.227696895599
1.02036499977
0.0300679206848
0.0826418399811
0.00308299064636
0.00612902641296
0.117076158524
0.035169839859
0.0054030418396
0.00590491294861
0.00543093681335
0.0114688873291
0.0358779430389
0.0187790393829
0.448802947998
0.0173621177673
0.00420308113098
0.00564193725586
0.0111041069031
0.100728988647
0.00361013412476
0.0157959461212
0.014032125473
0.0028932094574
0.00387501716614
0.0136511325836
0.0163209438324
0.00616502761841
0.113831043243
0.0208380222321
0.00365209579468
0.0368630886078
0.00534391403198
0.00554394721985
0.0976300239563
0.108623981476
0.0253620147705
0.0155999660492
0.00403690338135
0.13108086586
0.157455921173
0.00461578369141
1.12867116928
0.0742280483246
0.00674104690552
0.0302650928497
0.00649285316467
0.0229721069336
0.020809173584
0.00612592697144
0.123254060745
0.00594401359558
0.0175921916962
0.00580906867981
0.869158983231
0.00668692588806
0.0133872032166
0.0154190063477
0.311093091965
0.00580406188965
0.00462913513184
0.00787711143494
0.0211338996887
0.00641202926636
0.222523927689
0.0619850158691
0.00716805458069
0.00413990020752
0.736177921295
0.0535469055176
0.0552930831909
1.16788983345
0.00766205787659
0.00581097602844
0.0331649780273
0.00430083274841
0.0158951282501
0.00320100784302
0.152794122696
0.00365900993347
0.00333404541016
0.0741591453552
0.380113124847
0.334197044373
0.0921540260315
1.13950800896
0.0147821903229
0.0138912200928
0.00508904457092
0.00892400741577
0.00444078445435
0.00511717796326
0.0514948368073
0.00455403327942
0.195019960403
0.133571147919
0.390207052231
0.0082368850708
0.0143191814423
0.00493884086609
0.00330400466919
0.0230360031128
0.00843191146851
0.00700902938843
0.0054919719696
0.0228300094604
0.049309015274
0.466408014297
0.0206971168518
0.174515008926
0.00497794151306
0.0281038284302
0.00377082824707
0.21936583519
1.32054495811
0.0819790363312
0.00536489486694
0.0235891342163
0.0386340618134
0.00851392745972
0.0165359973907
0.0320591926575
0.333503007889
0.00497603416443
0.00448083877563
0.831821918488
0.0184850692749
0.0383489131927
0.00314497947693
0.0050060749054
0.0245199203491
0.06960105896
0.193264007568
0.862262964249
0.00521683692932
0.00359416007996
0.00398015975952
0.00364112854004
0.377055168152
0.00409603118896
0.00282907485962
1.31928801537
0.104106903076
0.0377330780029
0.00642204284668
0.0427150726318
0.032427072525
0.0221979618073
0.07923412323
0.00648307800293
0.224977016449
0.0108280181885
0.0381860733032
1.2281498909
0.0040910243988
0.0163049697876
0.0135478973389
0.0233809947968
0.00963616371155
0.111973047256
0.0206069946289
0.125005960464
0.0100469589233
0.00491380691528
0.0130360126495
0.105468988419
0.0173509120941
0.0884141921997
0.00425791740417
0.0522308349609
0.0305461883545
0.0192890167236
0.0259938240051
0.0297319889069
0.00326204299927
1.29733419418
0.00364685058594
0.485077142715
0.00430488586426
0.00412893295288
0.0142631530762
0.014585018158
0.395931005478
0.0305230617523
0.0892310142517
0.20445895195
0.00322604179382
0.449484825134
0.0741460323334
0.0979120731354
0.00467300415039
0.00605392456055
0.00491189956665
0.025671005249
1.04455208778
0.52730679512
0.00821495056152
0.019611120224
0.0050950050354
1.53330516815
0.00345516204834
0.00848698616028
0.00583982467651
0.0107848644257
0.0677590370178
0.320155858994
0.164717912674
1.22386813164
0.198746919632
0.00574803352356
0.431041002274
1.25037193298
0.0386312007904
0.00442504882812
0.00439310073853
0.397813081741
0.0297169685364
0.00337100028992
0.00421619415283
0.00389313697815
0.00445199012756
0.0193781852722
1.11322402954
0.0051281452179
0.0348260402679
0.00368714332581
0.00945997238159
0.0441710948944
0.00508499145508
0.118471860886
0.102568864822
0.0337760448456
0.0040500164032
0.0247650146484
0.00756907463074
0.00606107711792
0.195760011673
0.568150043488
0.0489330291748
0.00402402877808
0.0043318271637
0.00336003303528
1.1280400753
0.0919089317322
0.00308680534363
0.227572917938
0.0171060562134
0.00380897521973
0.00441193580627
0.0182027816772
0.467674016953
0.0155019760132
0.00458288192749
0.0160179138184
0.00694990158081
0.0833299160004
0.0118629932404
0.693181037903
0.0250120162964
0.522251844406
0.0124840736389
0.00554609298706
0.00524711608887
0.44344496727
0.0151460170746
0.227056980133
0.00486516952515
0.00825381278992
0.173414945602
0.0345509052277
0.0343930721283
0.00579214096069
0.00392293930054
0.027468919754
0.0187819004059
0.946923017502
0.0141499042511
0.0107400417328
0.00387907028198
0.00341892242432
0.00744295120239
0.0988638401031
0.0202090740204
0.00603008270264
0.148974180222
0.00583505630493
0.355122089386
0.0158040523529
0.0146880149841
0.0119259357452
0.0145199298859
1.25956106186
0.00420594215393
0.00999307632446
0.186897993088
0.0213449001312
0.00392818450928
0.00699615478516
1.05466198921
0.00448513031006
0.0160219669342
0.0799739360809
0.00636005401611
0.327878952026
1.27716207504
0.00508499145508
0.0784258842468
0.00375699996948
0.00662112236023
0.870660066605
0.890941858292
0.26299405098
0.0066180229187
0.173007011414
0.0212008953094
0.00443506240845
0.0186800956726
0.0732381343842
0.00375199317932
0.0024950504303
0.0486648082733
0.0870819091797
0.0249319076538
0.905556917191
0.00870704650879
0.0179109573364
0.0188429355621
0.017648935318
0.0370349884033
0.0308909416199
0.00379204750061
0.00443983078003
0.0120282173157
0.00615286827087
0.00532793998718
0.0045211315155
0.732048988342
0.0065701007843
0.31693816185
0.00845408439636
0.0493159294128
1.70261502266
0.080817937851
0.0250029563904
0.00385499000549
0.005206823349
0.0879571437836
0.282056093216
0.00787496566772
0.017215013504
0.225574016571
0.00834488868713
0.379151105881
0.00590705871582
0.0368919372559
0.23714017868
0.375087976456
0.0347909927368
0.0731189250946
2.37088418007
0.00709819793701
0.141797065735
0.00682401657104
0.0037739276886
0.0144720077515
0.23402094841
0.00408506393433
0.0138080120087
0.0529789924622
0.0428450107574
0.00425291061401
0.00519108772278
0.0230739116669
0.0180361270905
0.00700283050537
0.0872650146484
0.0148060321808
0.0104320049286
0.0110440254211
0.00776100158691
0.0745279788971
0.00575304031372
0.00393104553223
0.0206282138824
0.793532133102
0.0268669128418
0.0336019992828
0.00517892837524
0.0848488807678
0.0325570106506
0.391306877136
0.855328798294
0.00744915008545
0.301542043686
0.00770998001099
0.064551115036
0.0900461673737
0.00415015220642
0.0285849571228
1.7755920887
0.0940818786621
0.0465240478516
0.0334169864655
0.0322442054749
0.724461078644
0.0308640003204
0.0044310092926
0.118827104568
0.0826640129089
0.00908780097961
0.209047079086
0.0388050079346
1.27438497543
0.0589098930359
0.00874090194702
0.00595998764038
0.171883821487
0.0783309936523
0.00429391860962
0.0248508453369
0.0669209957123
0.0175070762634
0.00617408752441
0.124027967453
0.00695991516113
0.0298240184784
0.111148118973
0.00432801246643
0.0275819301605
0.00312614440918
0.00522589683533
0.00436520576477
0.100605964661
0.00501799583435
0.0041139125824
0.00518798828125
0.821554899216
0.0494458675385
0.0042028427124
0.283443927765
0.00373411178589
0.0180461406708
0.0319311618805
0.53734588623
0.0144560337067
0.155768871307
0.00492691993713
0.861229896545
0.235124111176
0.222879886627
0.00904011726379
0.545418024063
0.0353820323944
0.114338874817
0.135161876678
0.00446701049805
0.0220739841461
0.0237989425659
0.113330125809
0.377447843552
0.00653505325317
0.0200469493866
0.291054010391
1.6111779213
0.00483989715576
0.109727859497
0.0231671333313
0.867496967316
0.0919299125671
0.0404560565948
0.0111870765686
0.00556802749634
1.22276711464
0.0469660758972
0.752055883408
0.0167260169983
0.0752778053284
0.011904001236
0.220283985138
0.00627613067627
0.00392198562622
1.04955410957
0.00368094444275
0.00386905670166
0.00412321090698
0.0257658958435
0.0124869346619
0.0346720218658
0.00329089164734
0.0166299343109
0.0244538784027
0.0179660320282
0.324001789093
0.0290291309357
0.0438408851624
0.0314450263977
0.00846099853516
0.00357389450073
0.0149478912354
0.900004148483
0.0161139965057
0.0345041751862
0.00628089904785
0.00322103500366
0.00296783447266
0.00469207763672
0.0800769329071
0.00833916664124
0.00664305686951
0.112993001938
0.0063910484314
0.0456359386444
0.435992002487
0.117475032806
0.0169060230255
1.46021509171
0.074588060379
0.0208899974823
0.00402092933655
0.00282716751099
0.0703308582306
0.333394050598
0.00388097763062
0.00497198104858
0.0501680374146
0.044075012207
0.01615691185
0.00446486473083
0.0742509365082
0.00514912605286
0.0153679847717
0.0154449939728
0.00424003601074
0.00565981864929
0.264327049255
0.397928953171
0.00888109207153
0.0211939811707
0.0852248668671
0.0760750770569
0.00670790672302
0.00363898277283
0.00405597686768
1.30392098427
0.00344300270081
0.0183160305023
0.00791192054749
0.00473189353943
0.00479698181152
0.0293669700623
0.0226459503174
0.00818109512329
0.862216949463
0.00579500198364
0.0121748447418
0.0349628925323
0.0568830966949
0.00538015365601
0.00439286231995
0.0793869495392
1.86734580994
0.120845079422
0.0215430259705
0.0356910228729
0.259769916534
0.111644029617
0.0831999778748
0.0037989616394
0.0497620105743
0.00528597831726
0.0154070854187
1.32961988449
0.00441694259644
0.00485610961914
0.299583911896
0.0260729789734
0.143354177475
0.0385820865631
0.0242209434509
0.221372842789
0.215265035629
0.00701904296875
1.18830895424
0.00853896141052
0.208075046539
1.04628705978
0.00353789329529
0.0204529762268
0.00473690032959
0.00417900085449
0.191286087036
0.073312997818
0.0214920043945
0.0195119380951
0.00577187538147
0.00443291664124
0.0101799964905
0.162770032883
0.00392079353333
0.00558519363403
0.0318942070007
0.00597906112671
0.0173239707947
0.0285580158234
0.0113368034363
0.00534915924072
0.0170838832855
0.00764417648315
0.027437210083
0.00403594970703
0.00411200523376
0.0229759216309
0.00339698791504
0.654844045639
0.146109104156
0.0493021011353
0.0887439250946
1.36797785759
0.0151648521423
0.00563788414001
0.0564868450165
0.00384092330933
0.0259580612183
0.00288391113281
0.00332689285278
0.00277090072632
0.0319662094116
0.018935918808
0.0511310100555
0.449241876602
0.167223930359
0.0117790699005
0.0145819187164
0.00368499755859
0.351467847824
0.00328087806702
0.0773038864136
0.070415019989
0.228960037231
0.13937997818
0.0285978317261
0.00393199920654
0.00439310073853
0.284976005554
0.205834150314
0.0120940208435
0.0240919589996
0.939028978348
0.00448894500732
0.00393104553223
0.0150411128998
0.0509049892426
0.0282039642334
0.0351288318634
0.0396621227264
0.143313884735
1.28609704971
0.004723072052
0.0333299636841
0.0628590583801
0.818965911865
0.00482797622681
0.0306270122528
0.0310320854187
0.0295181274414
0.0152440071106
0.00466418266296
0.00262498855591
0.00722813606262
0.0499749183655
0.0653557777405
1.26608300209
0.0101490020752
0.024838924408
0.00294494628906
0.386114120483
0.0140399932861
0.00417304039001
0.0247778892517
0.00435900688171
0.907262802124
0.00708889961243
0.00388789176941
0.293854951859
0.0201299190521
0.0695171356201
0.00557422637939
0.0127680301666
0.201445817947
0.00717496871948
0.00484800338745
0.170753955841
0.0154449939728
0.0212829113007
0.0304081439972
0.0542879104614
0.0155959129333
0.857702970505
0.0404958724976
0.0213599205017
0.00327897071838
0.00573492050171
0.0140159130096
0.0434989929199
0.00599884986877
0.00984597206116
0.0038890838623
0.00753307342529
0.0324590206146
0.380630016327
0.0128729343414
0.00562000274658
0.00731301307678
0.772681951523
0.145837068558
0.0138969421387
0.399693012238
0.0165638923645
0.0459649562836
0.0493040084839
0.236994981766
0.016891002655
0.0118780136108
0.0181231498718
0.326653957367
0.00349116325378
0.0061149597168
0.00445508956909
0.232112884521
0.0518219470978
0.0796039104462
0.539384126663
0.0137069225311
0.00951910018921
0.306163787842
0.0048680305481
0.00326299667358
0.00541090965271
0.023097038269
0.0199639797211
0.00819206237793
0.00379991531372
0.00373005867004
0.0157189369202
0.0432980060577
0.00753808021545
0.00446796417236
0.0136950016022
0.179960012436
0.0195779800415
0.912993907928
0.038938999176
0.00316596031189
0.393969774246
0.0596079826355
0.019031047821
0.0045018196106
0.31938290596
0.0532031059265
0.0957942008972
1.36014103889
0.0235168933868
0.0079128742218
0.141391038895
0.00627183914185
0.0228931903839
0.0072021484375
0.0146269798279
0.0151698589325
0.376063108444
0.0137500762939
0.00610685348511
0.00574684143066
0.00437593460083
0.0406150817871
0.00407195091248
0.116120100021
0.0159690380096
0.0098888874054
0.850129127502
0.0174069404602
0.0161800384521
0.0047459602356
0.0294938087463
0.0077600479126
0.734529972076
0.0175321102142
0.0209610462189
0.164901018143
0.00518989562988
0.00703001022339
0.00622296333313
1.1961350441
0.0180749893188
0.006108045578
0.00872492790222
0.303769111633
0.320545911789
0.150403022766
0.0212359428406
0.115919113159
0.0795450210571
0.0313050746918
0.00435996055603
0.00925087928772
0.0389251708984
0.00830888748169
0.2318379879
0.221010923386
1.12546992302
0.00673890113831
0.843878030777
0.0143091678619
0.0695650577545
0.00592803955078
0.0040488243103
0.00337696075439
0.0238847732544
0.0299808979034
0.00480604171753
0.00341796875
0.0060350894928
0.197915792465
0.530488014221
0.0383059978485
0.0283849239349
1.33363699913
0.00332188606262
0.00661611557007
0.0212271213531
0.0237219333649
0.0112020969391
0.0164139270782
0.109713792801
0.323179006577
0.0455460548401
0.00350904464722
0.00442719459534
0.0434558391571
0.0097439289093
0.136147975922
0.0247061252594
0.0132319927216
0.00562715530396
0.0207958221436
0.072075843811
1.38669013977
0.00504112243652
0.143536806107
0.0310170650482
0.00584816932678
0.00332021713257
0.00723910331726
0.018739938736
0.00890278816223
0.00341200828552
0.0042839050293
0.00585794448853
0.0112709999084
0.0995078086853
0.0403971672058
0.38049697876
0.00639915466309
0.00772595405579
0.00726890563965
0.0293200016022
0.317938089371
0.00634694099426
1.16031694412
0.76719212532
0.00457286834717
0.0138788223267
0.0164370536804
0.00400304794312
0.0149910449982
0.0040979385376
0.00842189788818
0.00865387916565
0.0166640281677
0.0740990638733
0.333851099014
0.364184856415
0.238283872604
0.0242021083832
0.00461006164551
0.00443696975708
0.0276348590851
0.00948691368103
0.00397086143494
0.0167129039764
0.00273895263672
0.0046010017395
0.54178404808
0.0483119487762
0.00895309448242
0.00445795059204
0.139508962631
0.00391101837158
0.00488996505737
0.00289297103882
0.00444102287292
1.09111499786
0.322397947311
0.00433206558228
0.0563569068909
0.0785760879517
0.00662112236023
0.0238749980927
0.018443107605
0.0300390720367
0.0185358524323
0.0105011463165
0.0235040187836
0.0784320831299
0.0463268756866
0.0244038105011
0.00919604301453
0.00414609909058
0.049222946167
0.00359606742859
0.025810956955
0.0152552127838
0.00505304336548
0.0523698329926
0.00589299201965
0.292397975922
0.0186650753021
0.0724458694458
0.00394606590271
1.04544997215
0.00665593147278
0.0624489784241
0.863332986832
0.0051429271698
0.0174171924591
0.00573086738586
0.0243101119995
0.0885388851166
0.00467991828918
0.00938820838928
0.030562877655
0.00292897224426
0.003249168396
0.0153388977051
0.0458488464355
0.118133068085
0.141443014145
0.0256757736206
0.113851070404
0.535836935043
0.00443506240845
0.00546789169312
0.00531816482544
0.00372314453125
0.00819611549377
0.165315151215
0.0100729465485
0.169211864471
0.0090970993042
0.01722407341
0.0232520103455
0.00851202011108
0.00590014457703
0.0028190612793
0.0183401107788
0.0159161090851
0.0146028995514
0.00393986701965
0.0185298919678
0.00269913673401
0.00479793548584
0.00402593612671
0.0922038555145
0.00554394721985
0.0156371593475
0.00675201416016
0.0132699012756
0.00317001342773
0.0432019233704
0.051913022995
1.18981385231
0.00490403175354
0.00381207466125
0.00548386573792
0.00548195838928
0.0150058269501
0.030503988266
0.0460181236267
0.0215878486633
0.00503993034363
0.0348501205444
0.0598700046539
1.00896787643
0.00708389282227
0.00329899787903
0.161273002625
0.00434112548828
0.00422191619873
0.00531411170959
0.879134893417
0.0303380489349
0.0256478786469
0.00937604904175
0.0300130844116
0.0741240978241
0.196518182755
0.00504899024963
0.110909938812
0.225171089172
0.124701023102
0.00672388076782
0.026624917984
0.0286228656769
0.00710296630859
0.180577039719
0.00508213043213
0.129513978958
0.0130469799042
0.0435650348663
0.0891180038452
0.1447660923
0.226923942566
0.0149841308594
0.0492448806763
0.04354596138
0.00350594520569
0.0256299972534
0.0041651725769
0.0299761295319
0.0149250030518
0.76637506485
0.0046329498291
0.00656914710999
0.0225169658661
0.00937414169312
0.0478219985962
1.03535699844
0.0164079666138
0.00419211387634
0.00461888313293
0.0418691635132
0.00404191017151
0.00464701652527
0.733783960342
0.0148060321808
0.0356299877167
0.0479729175568
0.454596996307
0.0085461139679
0.0611999034882
0.0038959980011
0.0221450328827
0.010272026062
0.206014871597
0.0475709438324
0.00383305549622
0.00367403030396
0.579897165298
0.405436038971
0.0269618034363
0.00438094139099
0.867070913315
0.989514112473
0.00611305236816
0.0328378677368
0.0048840045929
0.00453400611877
0.00795817375183
0.0150489807129
0.739884138107
0.0853159427643
0.00547981262207
0.15647816658
0.0393228530884
0.00422692298889
0.00663495063782
0.0409951210022
0.00380897521973
0.223699808121
0.00570893287659
0.0219600200653
0.0140931606293
0.013934135437
0.0188519954681
0.205459833145
0.0214920043945
0.163522005081
0.00750994682312
0.142405986786
0.00584101676941
0.0158069133759
0.00927114486694
0.00933194160461
0.00529313087463
0.440536022186
0.0480210781097
0.26494884491
0.15941286087
0.474038124084
0.167453050613
0.122354030609
0.0314080715179
0.0034818649292
0.192228078842
0.0155539512634
1.41331291199
0.00900292396545
0.234920978546
0.847790002823
0.0199019908905
0.0269820690155
0.00398302078247
0.0287380218506
0.0164411067963
0.00465083122253
0.00976300239563
0.00285291671753
0.00322318077087
0.0609881877899
0.100172996521
0.0152740478516
0.00279784202576
0.00282287597656
0.0261390209198
0.0145349502563
0.0344970226288
0.00540900230408
0.0226619243622
0.00418615341187
0.0299389362335
0.00433611869812
0.00930905342102
0.0234978199005
0.0369238853455
0.0255200862885
0.031103849411
0.00452709197998
0.00845193862915
0.00276494026184
0.0335748195648
0.0703449249268
0.0756578445435
0.0302159786224
0.645298957825
0.0168881416321
0.00794792175293
0.153576135635
0.00827193260193
0.21013712883
1.20924901962
0.0368680953979
0.450366973877
0.00715684890747
0.0043420791626
0.00431394577026
0.204127073288
0.0315339565277
0.0128071308136
0.00740385055542
0.00571489334106
0.00601410865784
0.00435781478882
0.00702118873596
0.721475839615
3.03183412552
0.00777316093445
0.00427794456482
0.00852990150452
0.0132060050964
0.0299310684204
0.038507938385
0.00426697731018
0.00892400741577
0.0358691215515
0.0416009426117
0.0183160305023
0.00508499145508
0.00387096405029
0.00975704193115
0.0375528335571
0.00735187530518
0.0212299823761
0.0139181613922
0.016496181488
0.0748248100281
0.0213770866394
0.00343799591064
0.00274705886841
0.00682902336121
0.0185699462891
0.225829839706
0.026004076004
0.0540640354156
0.00490307807922
0.0814080238342
0.0171039104462
0.004390001297
0.0170991420746
0.00383281707764
0.00995182991028
0.0349171161652
0.00477194786072
0.00412487983704
0.379887104034
0.328946828842
0.0166020393372
1.15483808517
0.00609087944031
0.0918259620667
0.0185661315918
0.0956280231476
0.0168759822845
0.194321870804
0.00616598129272
0.0329658985138
0.0280699729919
0.216198921204
0.0163938999176
0.00400304794312
0.0143320560455
0.0112550258636
0.00632405281067
0.00285601615906
0.00567507743835
0.00953984260559
0.00823593139648
0.00327610969543
0.470246076584
0.00333905220032
0.00271105766296
0.00733613967896
0.00370383262634
0.00844216346741
0.00662517547607
0.115309000015
0.00563502311707
0.0306119918823
0.00433683395386
0.0340158939362
0.00314021110535
0.00332808494568
0.003741979599
0.0743148326874
0.00427389144897
0.00939297676086
0.0102701187134
0.00380706787109
0.0191540718079
0.0347139835358
0.220817089081
0.95406293869
0.00595498085022
0.0231461524963
0.0129330158234
0.0180628299713
0.218266963959
0.00429797172546
0.050971031189
0.0338509082794
0.191408872604
0.00883293151855
0.0344090461731
0.00877404212952
0.0642030239105
0.00723886489868
0.0525698661804
0.00488305091858
1.09531998634
0.00439095497131
0.0300600528717
0.00367212295532
0.00291109085083
0.00493097305298
0.